3                   11250               3183.4              16320               187500              0                   
3                   11250               3175.8              15120               187920              1860                
3                   11050               2764.1              16980               174480              3960                
3                   11250               3124.4              16320               193140              0                   
4                   10800               2363.3              10560               199980              4020                
3                   11050               3267.4              15120               152040              6000                
3                   11050               3273.1              23400               138060              4680                
2                   10350               4166.8              15540               85920               3360                
3                   11250               2909.2              15120               187500              3600                
3                   11500               3045.7              15780               172380              3120                
2                   10350               4406.1              28680               73980               4560                
2                   10600               4336.5              16020               80940               420                 
4                   10350               3580.5              13500               114960              0                   
4                   11700               2275.9              10200               243900              600                 
4                   11700               1991.4              10200               249360              2940                
2                   11500               3063.9              28620               171360              1740                
2                   11500               2516.1              11760               214080              1200                
2                   11500               2440.9              15120               194700              240                 
3                   12400               3150.5              15120               184440              0                   
2                   11500               2433.3              12480               218040              240                 
2                   10350               3985.1              14880               90660               6960                
4                   13950               2216.3              9240                311700              1260                
3                   11700               2836.2              11880               203220              3120                
3                   10350               4858.9              14640               59160               420                 
2                   11250               2204                13860               225000              0                   
4                   10350               3217.5              13500               126060              0                   
2                   11250               2281.9              11820               222780              0                   
3                   10800               3305.8              15540               148860              0                   
4                   11700               1913.8              10320               235980              7440                
3                   13050               2690.3              8460                250440              1440                
2                   10350               3795.6              14280               98220               3120                
3                   10350               2823.8              27900               147240              3480                
3                   11700               3277.9              15120               150720              4620                
2                   10350               4855                16020               55740               2820                
2                   10350               4178.3              25860               83160               2880                
4                   11700               2275.8              9900                238680              1140                
2                   10350               3960.3              14820               94320               3120                
2                   10350               3991.5              25860               88800               5100                
3                   11250               3160                25740               161760              0                   
3                   11250               3242.7              17820               161460              660                 
4                   11050               6164.1              15660               32040               6120                
3                   12850               2944.8              8640                221460              0                   
3                   12850               2838.4              9000                228480              660                 
3                   12150               3033.3              11940               205860              180                 
4                   10350               6050.9              15420               32340               6240                
4                   10350               6011.7              15420               34080               4620                
3                   12850               2833.6              8640                235260              2160                
3                   12600               2023.5              11460               280020              240                 
3                   12600               2018.4              11460               297600              240                 
2                   11250               3214.6              28560               179100              540                 
3                   13300               2758.6              8520                233700              660                 
3                   12850               2982.7              9300                217980              1320                
2                   11250               2174.6              11700               226080              5820                
4                   10800               4000.3              11880               115140              3540                
3                   12600               2083.9              12780               262020              0                   
2                   10350               5047.4              16680               50460               540                 
2                   10350               4116.1              16020               86640               1740                
2                   10350               3880.6              27720               92880               2580                
2                   10350               3772.7              28140               99660               2580                
3                   13050               2744.1              9780                246660              0                   
3                   11700               3042.6              19920               179040              2580                
3                   10800               3076.1              25200               159900              1140                
4                   11250               3431.2              11040               137340              3000                
3                   12400               3059.1              9840                203220              2160                
3                   10350               4861.4              13500               58440               1500                
3                   10350               5006.2              13500               51720               1620                
3                   12850               3026.7              8640                218340              0                   
4                   13500               1679.8              14040               319800              0                   
2                   11250               2204.3              13200               213660              1260                
4                   11700               1834.1              10860               263220              1680                
3                   11250               2001.9              14400               222000              840                 
2                   11250               2105                14400               218280              0                   
3                   12150               3606                14040               187920              5760                
2                   10350               4619.8              15960               63120               1740                
2                   10350               4795.7              15540               58200               600                 
2                   11250               3830.1              27660               159240              0                   
2                   10350               4541.7              15480               67680               1740                
2                   10350               4593.1              15540               64500               3480                
2                   10350               4630.3              15960               64800               1620                
2                   16200               5347.6              10680               345720              780                 
3                   10800               2088.6              27480               197040              5400                
4                   11250               1975.8              10320               230220              6720                
3                   10800               2175.4              28020               197640              2580                
4                   10350               3447.7              13380               120540              0                   
3                   10800               2183.4              28320               196440              1620                
3                   11050               2087.5              28320               201720              1020                
4                   13950               2305.3              8640                293820              4860                
3                   12600               2612.8              8400                252240              2460                
3                   13050               2950.7              10860               208380              0                   
3                   10350               4853.9              15600               52800               900                 
3                   11250               3276.7              18360               155280              1680                
3                   11250               3274.4              17820               155280              2340                
3                   10350               4857.1              14520               52920               1020                
3                   10350               3612                14580               115020              0                   
3                   10350               4822                14160               56040               1020                
3                   10350               3455.3              27540               118080              0                   
4                   10350               2441.8              13440               155100              0                   
3                   10800               2293                27960               186600              4080                
3                   12150               3160                12120               200640              0                   
3                   11700               2071.5              13020               240900              0                   
3                   12600               2520.2              10980               246900              600                 
2                   11250               2119.3              11820               227820              1740                
3                   12600               3274.4              8880                205140              0                   
3                   12150               3209.1              10200               197100              1500                
4                   10350               2366.9              12480               161400              0                   
3                   11700               1954.1              11700               256200              1740                
4                   11250               3934.3              11820               126660              600                 
3                   11250               2440.1              13320               207720              1740                
4                   11250               1641.8              14580               234660              0                   
3                   11700               3131.1              10920               205260              7800                
3                   11700               2502.7              11520               210600              5640                
3                   11950               2837                14460               208140              660                 
4                   10800               3485.8              11820               127320              4680                
4                   11250               3552.1              11100               133380              3060                
4                   10350               3626.4              12900               114900              1560                
4                   10350               2336                13440               161340              0                   
4                   11250               3084.3              9840                169440              2940                
4                   11250               3844.8              11700               127200              2880                
3                   11700               2975.4              13440               193260              1800                
4                   11250               4032                11880               121680              1380                
3                   11250               2642.5              26040               203460              120                 
4                   11050               3476.3              11100               131460              3960                
3                   11700               1820.8              12000               264120              1740                
3                   10800               2879.7              27960               174000              0                   
3                   10350               5198.7              14100               41460               1320                
4                   13050               2690                8400                233940              3180                
3                   12150               2957.8              10920               209340              180                 
2                   11250               2953.8              28620               184020              0                   
2                   10800               4166.5              28800               83520               2400                
2                   10350               4152.9              28800               80760               2820                
4                   11250               1696.3              14580               216060              0                   
3                   11700               3789.6              13440               154440              1680                
3                   10350               5105.9              13980               44820               240                 
3                   11250               1903.1              13200               235260              3240                
3                   11700               1802.4              14580               250800              0                   
3                   11250               2497.5              13140               204600              1320                
3                   11250               2647.1              14580               198060              1320                
3                   11700               1861.2              12840               251100              660                 
3                   10350               5160.9              14040               45600               120                 
3                   11250               2193.4              15720               205620              480                 
3                   10350               5350.6              15300               42960               0                   
2                   10800               5271.6              15000               58860               0                   
3                   10350               5082                14460               52500               0                   
3                   10350               5342.6              16020               39480               120                 
2                   10800               2037.7              23400               206940              1740                
3                   10350               5327.4              15480               40380               120                 
4                   11250               2937.8              9840                175080              2940                
3                   10350               5499.4              15480               37560               0                   
4                   11250               3016.1              9840                179280              1740                
4                   10350               3795.4              12840               109740              0                   
4                   10350               3927.9              12840               104160              0                   
2                   11500               2573.7              27180               206280              0                   
4                   11500               2425.2              10080               198420              0                   
3                   10800               2099.7              28800               196620              4920                
3                   10600               3539.9              14580               99660               240                 
3                   10350               4395.1              15420               64440               60                  
4                   10350               6351.9              16380               19320               5040                
3                   12150               2843.4              14100               211740              0                   
2                   10800               3785                28800               113880              900                 
2                   10800               4842                28800               57780               60                  
3                   10350               4585.5              15240               55020               60                  
3                   10350               4122.2              16680               75060               0                   
3                   10350               2962.4              27480               135720              1740                
3                   10800               2327.7              28740               173220              6480                
3                   11700               2877.7              24660               208080              0                   
2                   10800               3911                27480               109020              240                 
2                   10800               3405.3              28800               146340              0                   
3                   10800               3403.4              24600               115020              180                 
4                   9900                3197.2              14220               102000              0                   
3                   10350               4062.6              14160               68040               3000                
3                   10350               4261.3              15600               59880               120                 
3                   10350               4290.9              14100               59460               960                 
2                   10600               4968                16320               50880               2400                
3                   11050               2451.8              27900               180000              480                 
3                   11050               2436.2              28560               180240              300                 
4                   9900                3124.8              14760               103860              0                   
3                   12600               2791.4              10920               218880              0                   
4                   9900                2428.2              14700               131940              0                   
3                   10350               5162.9              14220               43080               240                 
3                   10350               3118.3              27900               127500              0                   
3                   10350               4187.8              17280               61440               120                 
3                   10350               4107.7              16080               62760               120                 
2                   16200               5553.8              10560               329760              0                   
3                   10350               2733.2              28020               153120              2820                
3                   11250               2565.4              28620               188940              0                   
2                   11700               4133.8              28740               131940              0                   
2                   11700               4105.7              27960               134580              0                   
3                   10350               2609.5              28380               153360              0                   
3                   11250               2686.7              28080               176820              0                   
4                   9900                2577                14580               121620              0                   
3                   10350               3947.4              13920               73200               1800                
3                   10350               4373.9              16320               55440               120                 
3                   10350               4317.7              17280               57900               0                   
3                   10350               2442.2              28680               165660              2880                
4                   9900                2704.2              24660               115800              0                   
3                   10350               4901.2              16380               39300               1920                
2                   16200               5717.7              10560               321240              0                   
3                   10350               4857.3              14820               39300               2640                
4                   13050               2953.5              8280                221460              1740                
3                   10350               2534.3              28680               152880              3600                
3                   10350               4685.3              16140               49200               960                 
4                   9900                2063.7              15120               154440              360                 
4                   10350               6179.8              16380               24360               5760                
3                   11700               1786.4              14220               261720              0                   
4                   10350               6107.3              16380               28200               2100                
3                   12600               2390.5              9060                261360              0                   
2                   11250               1991.9              14400               214560              1740                
2                   11250               3126.1              27480               186660              4020                
3                   11700               1848.9              10920               251940              2340                
4                   9900                3239.6              13320               102900              720                 
4                   10350               6163.3              16380               26580               3300                
3                   11700               1821.5              14040               250620              600                 
4                   10350               2951.4              13260               115140              3600                
3                   12150               2283.5              20700               206400              0                   
4                   9900                3111.3              13260               107160              3600                
4                   9900                3163.4              12900               105420              3600                
4                   11250               1738.7              10920               231360              2280                
3                   11700               1956.1              11460               242880              2280                
3                   12150               2416.7              9600                248400              3000                
3                   11700               1889.5              21540               238380              540                 
3                   10800               2283.6              28440               198000              600                 
4                   13500               2133                10980               321900              0                   
3                   11250               1788.9              14580               240060              2340                
4                   11700               2527.7              8820                217800              0                   
4                   10800               1776.6              14580               203040              480                 
4                   11250               1703.8              14580               206880              600                 
2                   11250               2009.2              13380               233460              2340                
3                   11700               1800.5              12000               252660              2340                
4                   11250               1606                14040               236580              600                 
4                   9900                3249.8              14760               99900               0                   
3                   11250               2770.6              25440               183660              960                 
2                   11700               3968.6              28740               137460              0                   
2                   10800               6395.7              28800               29220               1080                
2                   10350               3882.8              28800               90780               180                 
3                   10350               3782.5              14400               74520               300                 
3                   10350               4862.3              17100               38460               0                   
3                   10350               3625.5              15540               94800               180                 
3                   10350               2824.6              28620               138420              0                   
4                   13950               2242.9              8280                309780              3240                
3                   10350               3978.3              14400               67560               300                 
3                   10350               4096.3              14400               64560               540                 
4                   9900                2329.7              16080               137280              0                   
3                   10350               4046.8              15000               67440               180                 
4                   9900                2157.1              15240               147540              480                 
4                   9900                3480.4              14760               90180               0                   
2                   10800               6782.3              28440               22080               0                   
3                   10600               5445.2              16080               34560               180                 
4                   9900                2294.7              13500               146040              480                 
4                   9900                3392.1              14760               93360               0                   
3                   10350               2952.8              28560               133860              2940                
4                   9900                2313.4              15000               140700              840                 
2                   11250               6905.9              27840               38820               3540                
4                   9900                2126.5              15240               149580              0                   
3                   10350               3702.2              13920               78060               1020                
3                   10350               4596                16680               50400               0                   
3                   12600               2447.5              9300                236940              1140                
2                   10350               4541.1              17280               70920               540                 
3                   10350               4355.3              17100               52260               120                 
3                   12150               3509.5              12840               187260              6300                
4                   9900                3440                15000               89520               0                   
2                   10350               4192.7              15060               88860               1860                
3                   12150               3063.2              26340               168780              180                 
3                   10800               2856.3              27600               152880              180                 
3                   11250               2758                18720               187200              2460                
4                   12600               2637.1              8220                247080              840                 
4                   9900                3249.3              26220               94200               2100                
2                   11500               3385.2              25080               179340              6000                
2                   11950               3500.8              27480               180300              1380                
3                   12400               2822.2              12780               213840              0                   
3                   12150               2985.2              12840               202740              0                   
4                   12850               2148.8              9000                255360              2760                
3                   10350               5096.6              17100               30900               0                   
3                   10350               4932.5              16080               33960               3240                
3                   11700               2649.2              24600               188520              7980                
2                   10350               5234.9              15600               52980               4920                
4                   10350               1969.6              14700               167460              0                   
3                   10350               3773.7              15060               77100               120                 
2                   10350               4592.9              15060               72360               0                   
4                   9900                2016.3              15120               156000              600                 
4                   11700               1808.1              11520               235140              600                 
4                   9900                3728.6              27480               80280               1200                
2                   10350               4138.3              15120               94020               480                 
3                   10800               2767.8              25200               168720              4620                
4                   10800               1899.9              11160               179160              0                   
4                   13500               2934.1              8220                260640              0                   
4                   10800               1987.9              13860               168780              0                   
3                   13050               2756.5              8400                242760              600                 
3                   10350               5874.8              16380               28020               4500                
3                   11250               2810.5              13740               188940              7320                
3                   10350               5355.4              17280               22260               0                   
3                   10350               4958.7              14040               49920               120                 
4                   10800               1794.5              14580               190620              1140                
3                   11700               1741.6              14580               252900              600                 
3                   10350               5425                17280               20940               0                   
2                   11500               2080.7              11640               231240              2280                
4                   11250               1657.2              14580               209700              1140                
4                   11700               2376.4              8820                218280              1620                
4                   11700               2337.5              8820                216900              2880                
4                   11250               1729.5              10920               228780              3360                
4                   11250               2381.2              8820                196920              2340                
4                   11250               2303.9              9120                198300              3600                
4                   11250               2231.6              9360                202380              2400                
2                   11250               1999.1              14220               227520              1980                
4                   10800               1660.4              14580               207120              1680                
3                   11700               2654.6              10620               225000              6360                
4                   11250               2379.7              9420                196140              1260                
4                   11700               2331.3              8820                224040              2340                
3                   12600               2055.9              11160               261240              600                 
4                   10350               1900.6              14580               171600              600                 
2                   10350               5287.3              18840               40380               2040                
2                   10350               5034.6              17280               46920               2220                
2                   10350               5103.1              18840               45180               3300                
4                   9900                3225.1              13260               97320               2100                
3                   10350               4156                14820               61200               2040                
4                   10350               1879.5              11520               173280              960                 
2                   10350               5083.1              17280               55320               0                   
2                   10350               4355.5              15660               72900               4920                
2                   10350               4853                17100               54180               2220                
4                   9900                3269.3              26940               93060               720                 
2                   10350               5166.6              17280               43020               3300                
4                   10800               1791.2              24540               207720              0                   
3                   10350               4569.9              17280               45660               120                 
2                   10350               4430.9              14640               80760               300                 
3                   10350               3989.2              14940               70560               120                 
3                   10350               4615.9              15480               47700               2520                
4                   9900                3587.4              14700               84780               1200                
4                   9900                1984.9              13560               153600              1020                
2                   10350               4279.9              14940               86460               0                   
2                   10350               4238.4              14760               87780               0                   
4                   9900                3106.4              14220               99300               300                 
3                   10350               4608.4              16380               46920               1320                
4                   9900                2098.3              12180               147660              1380                
4                   13050               2704.7              7860                259320              600                 
2                   10350               4975                16380               60900               120                 
3                   10350               5335.9              18060               21900               1560                
4                   13500               2688.1              7860                276660              0                   
3                   10350               4285.7              15240               57960               1020                
3                   10350               4367                16140               53040               180                 
3                   10350               4696.5              16380               43440               1320                
3                   10350               5338.2              17280               19620               1620                
3                   10350               3695.5              14760               81780               0                   
2                   10350               4573.4              14880               75900               2520                
2                   10350               4857.7              17280               61680               0                   
4                   9900                1921.2              13560               156240              1380                
3                   10350               3635.2              13920               84900               0                   
4                   9900                3449                14760               90780               1200                
4                   10350               2674.9              13620               119880              0                   
4                   9900                3230.2              13680               94860               2460                
3                   11700               4280.8              13320               122400              120                 
4                   14400               2282.4              8700                311040              1860                
4                   9900                1990.2              12060               153480              1380                
3                   11250               1909.8              28740               228060              2100                
4                   9900                3253.7              15540               94500               2220                
4                   10600               1940.3              11280               168660              3360                
2                   10350               4855.8              17760               61320               60                  
4                   9900                2955.4              15060               102840              0                   
3                   10350               4859.1              17280               34200               120                 
3                   10350               3612.3              14580               86820               1620                
2                   10350               5072.5              17280               50940               60                  
4                   9900                2798.7              14220               110280              0                   
2                   10350               5349                17280               45660               1440                
2                   10350               4704.2              14760               70260               1200                
2                   10350               4750.2              15960               63960               60                  
4                   13500               2449                7380                285000              0                   
4                   12600               2063.7              9960                261300              4260                
4                   13500               2722.2              7500                279000              2220                
2                   10350               4405.1              15600               78000               1680                
3                   10350               5106                17280               25260               1860                
4                   10350               2504.6              11640               133320              0                   
4                   13500               2474.9              8160                268020              0                   
3                   10350               5019.1              16980               29040               300                 
3                   11700               4433.3              13440               118260              120                 
3                   10350               4617.9              17280               42960               900                 
4                   11700               1580.2              11520               237960              2760                
4                   11700               1596.4              11520               236640              1680                
4                   9900                2291.4              14160               140280              1500                
2                   10350               4601                16260               70680               1200                
3                   13050               2562.2              8400                264960              0                   
3                   10350               4353.8              14760               54240               1320                
4                   10800               1737.6              11160               192420              1920                
4                   10800               1747.4              11160               191880              1500                
3                   11700               2045.6              11640               238380              1680                
3                   12150               2166.8              11520               257520              0                   
3                   10350               5479.5              17280               17820               540                 
3                   12150               2323.1              11160               231300              1380                
3                   11700               1722.9              14220               256800              600                 
4                   10350               1974.5              14220               170100              600                 
4                   12600               1810.5              11160               275280              360                 
3                   11700               1739.4              14220               252660              1740                
2                   11250               6970.4              28740               18780               60                  
4                   10350               1992.3              12420               171660              360                 
3                   11250               2002.1              28680               218100              600                 
3                   11700               1788.1              11640               255660              2340                
4                   12600               2309.5              8880                255720              600                 
2                   11250               1964.6              14220               234480              0                   
4                   11250               1624.5              14220               226380              3360                
2                   10800               6835                28740               15300               2520                
2                   10800               6843.4              28740               14940               1140                
3                   10350               6291.9              18060               9180                300                 
4                   9900                2116.1              11040               151080              780                 
4                   9900                2170.4              11100               147540              780                 
4                   10800               3279.1              10620               154980              0                   
4                   10800               1707.9              14220               204720              1140                
4                   11250               2479.3              10380               188820              540                 
4                   10800               1810                10620               188160              1920                
3                   12600               2433.9              10860               232200              1020                
3                   10800               2524.3              28200               179040              600                 
3                   10350               6296.8              18060               6660                1080                
4                   10800               3211.7              10500               159960              0                   
2                   11250               1908                14220               237780              1800                
4                   11250               2454.8              9840                189180              840                 
4                   11250               2482                9840                187500              840                 
4                   11250               1736.5              10620               217260              3780                
3                   12600               2337.9              9840                267180              5940                
4                   10350               1975.2              11520               174000              600                 
4                   12600               2449.5              9600                230700              1020                
3                   10350               6206.9              18060               10320               1080                
3                   10350               6207                18180               9180                60                  
4                   12600               2400.2              8220                247620              1380                
4                   10800               3081.4              10500               166800              660                 
3                   12150               2553                9360                228300              2880                
3                   10350               6088.5              17280               16260               0                   
4                   12600               2296.2              9360                245460              1620                
4                   13500               2543.7              7800                275700              1020                
4                   10350               2048.9              14220               167340              0                   
3                   12150               1834.9              10920               272100              1740                
4                   10800               3274.2              10500               154620              660                 
2                   11250               1983.6              11640               235860              2940                
3                   10800               1940.1              28740               210540              1560                
3                   12150               2553.8              9540                231420              1020                
3                   12150               2642.4              10140               228120              1020                
3                   10350               6309.5              18180               7080                60                  
3                   10350               6170                17280               12840               1080                
3                   10350               6312.8              18180               7380                0                   
3                   10350               6322.4              18060               6480                1140                
3                   10350               6242                18060               9840                0                   
3                   10350               6188.7              18060               11100               0                   
3                   10800               2209.3              28680               199380              600                 
3                   10350               6311.5              18420               6840                300                 
4                   9900                2155.8              10620               148380              420                 
4                   11250               1578.3              14580               238080              2280                
4                   12600               1582                28500               289380              1680                
3                   12150               1820.7              10920               273300              2940                
4                   10350               2022.6              11520               169440              660                 
