4                   10800               4807.6              1860                50700               0                   
4                   11250               4423.4              1860                110520              60                  
4                   12600               2959.4              20820               251400              420                 
4                   10800               4053.5              10920               102960              0                   
4                   11250               6119                1920                38640               60                  
4                   10800               4016.9              1860                99720               1740                
4                   10800               4426.8              13980               86820               0                   
4                   10800               4538.1              1860                61260               6480                
4                   10800               5914.8              1920                16260               8220                
4                   10800               4134.6              2040                89640               5340                
4                   10800               3874                2040                111600              3780                
4                   10800               5431.1              2220                34560               6120                
2                   12600               4444.4              27420               194160              5940                
4                   11050               3296.6              2040                130020              3720                
4                   11050               4273.6              4740                85200               180                 
2                   9900                2937.7              28500               124260              2340                
2                   9900                4391.4              28620               43020               60                  
4                   10800               6426.4              2220                3480                1860                
4                   10800               4599.5              5040                64560               0                   
4                   10800               4406.3              6360                96120               0                   
4                   11050               4048.1              4740                94800               4800                
2                   11250               2901.1              28380               198420              4380                
3                   11700               4672.3              26700               140340              4800                
2                   11250               6157.3              27780               48600               14340               
4                   10800               6022.1              6000                21960               6360                
4                   11050               3893.8              4740                104280              6780                
4                   10800               5735.2              5940                31140               0                   
2                   10600               5372                27960               30480               2340                
3                   10600               3262.6              27960               126900              10620               
4                   10800               4330.4              7740                76200               5220                
4                   10800               5431.2              2220                34740               4260                
3                   10350               5691.9              28200               21900               2640                
2                   10600               6275.9              28320               11940               8340                
4                   10800               3041                10920               156540              5640                
4                   10800               3217                18840               156600              1620                
3                   10350               3025.7              28800               149340              300                 
4                   11300               4196.1              5640                90180               2760                
2                   12600               5073.2              27420               168240              0                   
2                   10350               3634.1              27960               107160              2100                
2                   9900                5311.4              28500               10140               0                   
4                   10800               3094.8              2820                145140              3120                
4                   10350               3783.5              28020               111900              0                   
4                   10350               3948.8              25800               101100              5640                
2                   9900                5258.6              28500               11880               0                   
4                   12600               3000.4              1860                226920              0                   
4                   10800               3178.4              11280               144720              3180                
2                   10600               5257.9              27960               34080               5580                
4                   10800               5894.3              1860                24660               360                 
3                   10350               4286                27600               72360               18240               
2                   11250               5824.2              27780               59940               0                   
4                   10800               3805.4              1860                115500              6420                
3                   10800               6249.6              27120               32160               2940                
2                   10600               6154.2              28320               16320               5940                
2                   12600               6038.7              27360               128940              8280                
2                   10150               4364.8              28500               57480               900                 
3                   11700               8459.3              25800               10740               60                  
3                   10350               3257                27960               128760              6480                
2                   13050               10707.6             27960               4980                180                 
3                   10350               4385.4              27600               66960               13860               
2                   10850               3996.1              27960               78900               4200                
4                   10800               3066.7              2040                148380              5220                
3                   10800               6324.9              27720               41160               120                 
4                   10800               6167.8              13200               24480               2160                
3                   11050               6612.4              27420               19800               1680                
2                   10150               3211.9              28500               111240              300                 
4                   10350               6421.4              26880               7200                1860                
4                   10800               4438.7              4080                96600               2100                
3                   11050               5650.8              26940               53760               2760                
2                   10150               3141.9              28500               115620              2100                
2                   11250               5633.2              27720               71820               4680                
2                   10350               6092.8              28380               20100               300                 
2                   10150               4970                28440               36480               0                   
3                   10350               5669.4              27900               22080               10860               
2                   9900                5218.2              28500               13020               0                   
3                   10800               2623.5              27420               176520              720                 
4                   10800               4338.7              1860                96120               9600                
2                   11250               5492                27720               77160               8700                
3                   11250               5276.6              25800               86160               5400                
3                   10350               4112.1              27480               77400               2820                
3                   10800               5486.9              26820               59880               3720                
3                   11250               5113.1              27180               101640              60                  
2                   10150               3839.3              28500               86580               240                 
4                   11050               3268.5              2040                132960              7140                
3                   11700               5340.9              25740               108420              6060                
3                   10600               4902                27900               48540               13200               
3                   10350               5630.6              27900               22140               14280               
2                   9900                3826.5              28440               86580               10920               
3                   10800               3427.1              27480               143460              540                 
4                   10800               3224.4              14400               152160              1980                
2                   10350               5047                27960               44220               11640               
4                   11050               3770                6720                113640              420                 
2                   9900                5422.4              28440               22260               1860                
2                   10600               4863.9              28020               55200               4320                
2                   11250               6351.6              27720               41040               2880                
2                   10150               4076.2              28440               76620               6540                
2                   11250               5993.3              27780               55500               10800               
2                   11250               4873.6              27720               104640              1920                
4                   10350               4870.1              27180               62760               120                 
2                   9900                5170.5              28500               14340               0                   
2                   10800               6206.7              27840               25140               3480                
3                   10350               3543.2              27960               116100              2880                
3                   12150               6977.1              25260               81420               1080                
4                   10800               5826.7              26700               30540               60                  
3                   11700               4282.5              27300               165060              1620                
3                   11250               6508.4              25800               46020               1200                
2                   11250               2325.9              27720               224520              1020                
4                   10800               3012.7              25320               172860              4260                
3                   10600               5443.6              27300               37920               5220                
2                   11250               3967.7              27720               137460              6780                
4                   10350               4482.6              25800               81660               12720               
3                   11050               6401.2              27120               25320               4740                
2                   9900                5190.7              28500               13620               0                   
4                   10350               5622.7              27180               33960               11220               
2                   9900                4397.5              28620               42600               3300                
2                   9900                3886.7              28500               80220               7260                
2                   10850               4671.9              27960               60960               60                  
4                   10800               3995                24780               118140              0                   
2                   11250               5221.4              27720               83700               2580                
4                   10800               4405.1              10920               89160               1260                
3                   11700               3565.2              26820               192480              5640                
2                   12600               6885                27360               106320              1200                
4                   10800               3207.1              24420               160380              1620                
2                   10350               5868                28380               23580               4440                
4                   10800               6385.8              6600                12540               4080                
4                   10800               3173.6              26700               136860              2820                
2                   10150               5130.1              28440               30720               3060                
2                   9900                3371.5              28500               97620               6660                
2                   12600               7447.5              27360               80820               3120                
3                   11250               6301                25800               52320               3300                
3                   10600               5406.5              27360               39120               1920                
3                   10800               7112.9              27300               7020                0                   
2                   11250               5104.7              27720               92460               10920               
2                   10600               5750.3              27960               19920               10920               
2                   10350               4313.5              27960               74580               5040                
2                   10350               6275.7              27960               10980               11340               
4                   10350               4625.6              25800               75240               2520                
2                   9900                5456.7              28440               20220               9000                
3                   10800               5464.4              26880               60420               1620                
2                   12600               8457.4              27360               51600               660                 
2                   10600               4920.4              27960               53280               1500                
3                   11700               6701.3              25500               55560               7380                
2                   9900                5310.8              28500               10260               0                   
2                   12850               6291.4              27360               102360              120                 
2                   12600               5762.6              27360               143940              12780               
4                   11050               4665.6              1860                68280               2760                
2                   10350               5880.1              28140               24780               2520                
2                   10350               3833.5              27960               93240               6840                
2                   10850               4135.5              27960               75840               12060               
3                   10350               3227.2              27960               130500              4260                
2                   10350               4792.6              28260               60300               120                 
4                   11050               3572.8              5880                117600              3420                
4                   11300               4329.5              1860                77940               2940                
3                   10350               4321.8              27840               74760               11160               
2                   10350               6473.4              28800               5160                3660                
4                   10800               4074.6              3840                103380              0                   
3                   10350               4544.9              28800               80880               0                   
2                   10150               4964.3              28560               37500               4980                
2                   10600               4016.6              27960               81420               8040                
3                   11700               6933.2              25620               50220               14220               
2                   10850               4770.4              27960               56100               7260                
3                   10600               4980.9              27360               54600               1020                
2                   10600               3456.3              27960               113700              5640                
2                   11250               5232.4              27720               82860               600                 
3                   10350               4922.8              27300               48840               4200                
3                   10350               6310.8              28800               6540                1740                
2                   10150               4391.9              28440               64500               7740                
2                   10350               6261.9              27960               10140               14880               
2                   9900                4124.4              28500               71280               4320                
2                   11250               3523.1              28380               171240              5280                
4                   10800               5514.5              8400                38520               2100                
2                   11500               3953.9              28440               157320              0                   
3                   10800               4120.8              27660               115740              1980                
2                   9900                4587.7              28440               52320               14040               
2                   10350               4312.1              27960               77940               10440               
2                   10600               4670.6              28200               57060               11100               
3                   11250               6231.6              27540               62340               60                  
3                   10350               4719.3              27660               61080               2580                
2                   12600               6203.2              27360               122880              5160                
2                   10350               4992.8              28020               48480               7320                
3                   11700               6373.4              25620               70980               12480               
3                   11700               7366                25800               48720               480                 
4                   11050               4077.2              4740                91380               1800                
3                   10800               3869.8              27720               130500              4980                
2                   12600               7663.8              27360               73440               7800                
3                   10350               5341.3              27240               37800               7500                
2                   11250               4471.8              27720               118740              9540                
2                   10350               5240.7              28080               40020               1740                
3                   10800               4768.5              27120               103680              2880                
2                   10150               3732.3              28500               90780               3180                
3                   10800               4740.9              26940               91920               7020                
2                   12600               5592.7              27540               155400              4260                
4                   11050               4267.4              25800               89700               1800                
3                   10800               3593.6              26880               142260              2880                
4                   10350               6316.2              26280               11040               11940               
4                   10800               5789.3              28080               23580               5880                
2                   10600               3806.9              27960               99660               2820                
2                   10150               4173.6              28500               67680               3000                
4                   10350               3825.3              27540               105840              3300                
4                   10800               4755.7              3480                60120               1800                
2                   9900                3283.5              28500               102480              11940               
2                   10850               4677.4              27960               59580               5220                
2                   9900                4021.7              28500               78900               2100                
2                   10600               4520.8              28200               64260               9240                
2                   10600               4362                27960               69240               3060                
3                   11700               5271.9              26820               118440              360                 
2                   10800               5977.5              27840               33840               1860                
2                   9900                4503                28560               58500               9420                
4                   10350               5638.1              27180               34020               3720                
3                   10350               3850.8              28800               108780              0                   
3                   10800               5048.8              26880               78360               2700                
2                   11250               3984.5              27720               137700              3660                
2                   12600               6042.4              27360               127020              120                 
2                   11250               6346.7              27780               42000               8460                
2                   11250               4545.1              27720               115260              11520               
2                   9900                3580.2              28500               102180              720                 
4                   10350               4877.5              25800               67620               4980                
2                   10350               4251.4              27960               80460               1800                
2                   12600               8816.4              27360               33540               4440                
2                   11250               3028.9              27720               193980              6780                
2                   12600               8018.8              27360               57600               5580                
2                   9900                4508.6              28440               57420               5820                
2                   9900                4768.4              28440               48360               7800                
2                   10850               3922.3              27960               81960               6720                
3                   10800               4802.7              27120               98160               1080                
3                   11700               5846.9              26820               97140               360                 
2                   9900                4059.5              28500               79920               300                 
4                   10350               5529.6              27180               35160               8400                
2                   9900                5461.8              28440               20760               5580                
2                   9900                5027                28440               39120               5460                
2                   11250               4499.8              27720               116160              120                 
3                   10800               5129.8              26940               71580               180                 
3                   10800               4175.6              27660               113460              0                   
3                   12150               8168.7              25620               38880               3240                
4                   10800               3265.4              10920               144960              0                   
3                   11250               5257.3              25800               86760               2580                
2                   11250               4518.6              27780               114660              5040                
4                   12150               3565.8              1860                178560              2040                
3                   11700               5457.4              25500               99540               7860                
2                   10600               4376.3              27960               68700               1500                
3                   10350               4863.3              27900               50580               9240                
4                   10800               3851.6              7680                110940              3360                
2                   11250               6538.9              27720               35460               4800                
2                   10600               5474.2              27960               30660               120                 
2                   11250               3162.7              27720               188640              960                 
2                   10600               6526.2              28500               6180                10380               
3                   11700               3243.6              26820               199260              2940                
2                   11500               3877.9              27840               160380              2100                
3                   11700               5648.4              25500               92340               10020               
2                   9900                3529.5              28500               100800              3540                
2                   11250               6818.8              27720               26280               240                 
2                   10350               5112.8              27960               41220               14460               
4                   10800               3273.2              2040                135420              0                   
