3                   11300               3365                1860                124500              0                   
3                   11050               3575.3              1860                108660              2940                
3                   10800               3004.6              1860                145860              10200               
3                   11050               4461.7              1920                84300               9900                
3                   11300               3793.4              1860                107640              1500                
3                   10800               4421.4              1860                94080               14100               
3                   10800               4287.3              5700                102000              60                  
3                   10800               5640.1              1860                33600               12600               
3                   10800               4817.3              1860                50760               120                 
3                   11050               3676.4              14160               118500              0                   
2                   10350               4616                28680               35040               0                   
3                   10800               3649                1860                121860              7620                
3                   10800               6561.6              4740                12120               1800                
3                   11050               4558.9              2040                85560               1980                
3                   10800               3204.8              6900                141960              0                   
3                   10800               3863.5              1860                106620              4980                
3                   10800               5548.7              6840                33300               60                  
3                   10800               3983.3              4860                99780               4380                
3                   10350               5879.7              27840               19500               10800               
3                   10800               3087                1860                140820              6600                
3                   10800               3590.3              2760                118380              180                 
2                   10350               4941.1              28380               19920               0                   
3                   10800               4731.7              1920                78780               7140                
2                   11950               5067.5              27600               116580              12420               
3                   11050               3987.2              2340                96120               2100                
3                   10800               4879.8              6360                56040               0                   
3                   10800               3494.1              2760                120960              4380                
2                   10350               5035.4              28380               17040               0                   
3                   11300               4173.6              6480                96420               1500                
3                   10800               5678.2              3960                29100               60                  
3                   11050               4216                11400               92940               0                   
3                   11050               3901.8              3060                98700               4380                
2                   10850               4017.4              28740               97320               0                   
3                   10800               5812.7              6060                25860               4140                
3                   10800               4181.3              1860                95760               3540                
3                   10350               3365.3              27840               119220              0                   
3                   10600               4354.4              25380               85980               6720                
2                   11700               5194.2              27660               112980              17460               
2                   11300               4502.5              28020               94440               0                   
2                   10350               4974.9              28380               18900               0                   
2                   12150               8455.1              27480               26700               2700                
3                   10800               6967.3              7020                1500                4020                
2                   12150               8138.4              27480               40800               6720                
2                   10350               5205.2              28380               13200               5400                
3                   10350               5422                27000               30480               0                   
2                   11700               4404.3              27720               148560              2940                
2                   12150               9078.8              27480               8820                7320                
2                   11300               3764.4              28200               133800              12540               
3                   10600               4716.6              27900               63900               4680                
2                   10800               2813.7              28320               172620              5400                
3                   10800               3626.2              7380                113400              2880                
3                   10350               4758.4              24840               65220               0                   
2                   11700               4780.2              27660               126060              13740               
2                   10850               3675.7              28380               104640              8460                
3                   10800               6168.9              1860                12720               0                   
3                   10800               4445.1              14280               91800               0                   
3                   10800               6676.8              1860                2460                3540                
2                   10350               3152                28800               138060              0                   
2                   11950               7614.6              27600               24900               4020                
2                   11700               4294.4              27660               148020              23160               
3                   10800               5530.1              1860                40920               8580                
2                   10350               4989.1              28380               17940               0                   
2                   11050               3504                27960               142380              0                   
3                   10600               5611.4              28140               27480               2160                
3                   10800               4149.2              9540                102300              0                   
3                   11050               4450.9              1920                85440               7680                
2                   10800               4717.8              27960               93000               12060               
3                   10800               4446.3              8220                85980               2760                
3                   10350               4341.1              27720               86880               9720                
2                   10350               5038.4              28380               16980               0                   
2                   10800               6473.1              28020               20160               13980               
2                   11700               5709.5              27660               89700               12240               
2                   11700               3519.1              27720               181800              3300                
3                   10800               3041.2              1860                145620              3240                
2                   12200               6958.5              27960               50460               1320                
2                   10850               3697.2              28380               106080              6000                
2                   11050               4026.2              27960               123000              0                   
2                   11700               5156.4              27600               122280              5340                
2                   11950               6044.3              27600               77400               0                   
3                   10800               2970                27000               159300              6240                
3                   10600               5097.4              26820               57840               9780                
3                   10800               3539.4              27480               140820              0                   
2                   11950               7100.8              27600               41760               4020                
2                   10350               5063.6              28380               16260               0                   
3                   10800               4029.7              1860                98940               1020                
2                   10600               3861                28800               97860               2460                
2                   11700               3571.2              27720               178860              300                 
2                   10350               4543.2              28260               49560               7320                
2                   10800               3015.2              28320               157800              9840                
2                   11700               4316                27660               146520              16860               
2                   12600               6416                26940               96000               240                 
3                   10800               3663.4              16020               122040              0                   
2                   10800               2863.5              28200               177900              2820                
3                   10800               2983.4              24900               158700              0                   
3                   10800               4650.4              27840               68640               0                   
2                   11950               6472.5              27600               61140               3000                
3                   10800               4051.9              18120               108360              0                   
2                   10600               3825.5              28380               99120               7980                
2                   10350               5914.2              28320               20820               14460               
3                   10800               4252.1              28680               89760               4260                
2                   11700               5666.8              27660               95760               9120                
2                   11700               5478.4              27720               112080              0                   
2                   10800               6346.6              28020               24660               8220                
2                   10350               4522.6              28320               69060               1020                
2                   11700               7401.7              27900               37920               8880                
3                   10350               3424                27840               118140              3540                
2                   11050               4159.5              28200               113100              5100                
3                   10800               5310.8              27960               41640               300                 
3                   10800               3003.1              24900               152100              12720               
2                   11700               5964.8              27720               95760               0                   
3                   10800               4771.5              13200               77700               0                   
2                   12150               9261.3              27360               1740                540                 
2                   10800               6248.5              28140               28800               3180                
2                   10350               2959.6              28800               147240              7980                
2                   10350               6076.3              28140               21300               10080               
3                   10800               4143.3              27900               106080              0                   
3                   11050               3729.8              8340                117420              0                   
3                   10350               4047.8              27000               99060               5940                
2                   11700               4351.8              27660               147300              5880                
2                   11050               3610.4              28200               136620              6480                
2                   11300               5751.1              28080               46440               6540                
3                   11050               4246.7              6780                88920               0                   
2                   12150               7012.3              27480               77640               8760                
2                   10600               3496.5              28740               114120              660                 
2                   10800               3542.5              28380               141420              0                   
2                   12600               4514.5              27600               198840              4380                
3                   10350               5420.9              28080               38940               8040                
2                   11550               5752.2              28020               55500               0                   
3                   10800               6017.4              14280               30660               0                   
2                   11050               4305.5              28020               105540              2400                
2                   11300               3669.5              28140               135780              7920                
2                   11700               6309.7              27720               75960               4740                
3                   10350               3891.4              27840               103140              180                 
2                   11050               5807.2              28020               39480               9960                
2                   11700               5087.2              27600               121860              8880                
2                   11700               4841                27720               124920              3180                
2                   10350               4984.9              28260               39960               8160                
2                   11700               7640.4              27900               25560               2460                
3                   11050               3776.8              2940                108240              0                   
2                   10350               4782.6              28380               28380               1620                
2                   10850               3756.4              28740               106260              2460                
2                   10800               3341.9              28320               145800              5100                
2                   11050               5609                28080               59100               540                 
2                   11300               5366.2              28020               59700               4680                
2                   10350               5199.2              28140               35460               2880                
2                   10350               4451.7              28140               64920               6900                
3                   10350               5016.4              27900               47880               4740                
2                   10350               2974.2              28800               146700              5400                
2                   10350               3909.1              28800               108600              3240                
2                   10350               4535.2              28140               63180               11760               
2                   10600               4615.4              28140               58500               5640                
2                   10800               4555                27960               100020              2760                
2                   11300               5281.6              28020               72360               60                  
2                   11050               6057                28140               43860               0                   
3                   10600               3704.7              28080               109020              6060                
2                   10350               6730.9              28740               4380                1080                
2                   12150               7779.5              27480               53040               60                  
2                   11950               7185.6              27600               39480               8940                
2                   11700               6780.6              27720               59400               6720                
3                   11050               4674.5              8220                75660               0                   
2                   12600               8284.1              26940               49740               7080                
2                   12150               6510.2              27480               98400               2760                
2                   10800               2653.9              28200               185340              720                 
3                   11050               4182.1              28080               88920               0                   
3                   10350               4322.3              27840               84540               3000                
2                   10800               4430.1              27960               104760              9360                
2                   11050               4239.2              28260               112080              7800                
2                   10600               4703                28140               61440               3480                
2                   10350               4186.3              28380               85080               7620                
2                   10600               2994.9              28800               143700              3720                
2                   11050               3642.6              28200               134400              3000                
2                   11050               6373.8              27960               35880               8280                
2                   10600               4416.9              28800               85500               60                  
3                   10850               4741.7              27900               63900               2640                
2                   10600               3325.9              28740               120960              9240                
2                   11950               5396.8              27600               104160              360                 
2                   10350               5370.7              28500               9360                10260               
3                   10800               4418.3              2940                82020               3720                
2                   10800               5796.5              27960               54600               4020                
2                   10350               5810.3              28200               21780               2220                
2                   11050               4874.7              27960               88200               960                 
2                   10800               5955.6              28080               45600               600                 
2                   10350               4204.2              28740               95040               1980                
3                   11050               4723.5              6180                72780               3180                
2                   11300               3737                28140               134580              4620                
2                   10350               3470.1              28800               123240              3360                
2                   10350               6550.1              28800               7800                3540                
3                   10800               5071.4              27120               45900               4260                
2                   10350               3966                28800               111120              1200                
3                   10350               5821.2              28080               21060               5460                
2                   10600               3646.3              28380               107040              5340                
2                   10350               4153.7              28800               96480               180                 
2                   11700               4495.6              27660               138900              8640                
2                   11700               6407.5              27600               68220               12720               
2                   11700               4626.9              27720               138960              360                 
2                   11950               5543.8              27600               102420              5760                
3                   10850               3581.1              25380               118320              2040                
2                   10350               4567.7              28800               85500               60                  
2                   10350               5019                28140               42960               6360                
2                   10800               4728.8              28440               87000               0                   
2                   11550               5331.1              28020               68760               1260                
2                   11950               6277.2              27600               71340               8880                
2                   11950               4825.5              27720               125220              3360                
2                   10800               4277.8              28200               108180              6660                
2                   10350               6402.4              28140               7980                8640                
2                   11950               7552.1              28080               33240               1320                
2                   10350               4447.8              28800               78060               5280                
2                   10350               3983                28800               101100              5400                
2                   12600               4989                27600               180660              0                   
2                   11700               5725                27660               98760               6600                
2                   10350               6022.1              28140               24360               4080                
2                   10600               3994.9              28800               92100               4680                
2                   11700               7681.3              27600               22740               5700                
2                   10800               5014.5              28020               73440               7200                
2                   11050               4569.1              28020               92640               8760                
2                   11550               6148                28020               38880               0                   
2                   12600               7281                26940               80280               5520                
2                   12600               7191.9              26940               82320               2640                
3                   10800               5866.9              27840               22380               4140                
2                   11950               5545.9              27600               100200              2700                
2                   10800               3936.6              27960               124020              1320                
3                   10800               4327.7              14220               95160               1980                
3                   10600               4746                27900               63000               2220                
2                   11700               6931.8              27600               46260               4020                
2                   11700               6708.8              27720               61740               120                 
2                   10600               4345.1              28800               82020               2460                
3                   10600               3775.3              25380               109740              1320                
3                   10800               3730.5              7380                110340              60                  
2                   10350               4312.2              28140               73920               8940                
2                   10350               6232.3              28140               15360               6900                
2                   12600               7614.2              27300               71340               360                 
2                   12600               8261.2              26940               51840               3300                
3                   10800               4860.8              8160                68880               0                   
3                   10800               6687.7              28080               2760                1740                
2                   10350               4713.8              28260               50580               5040                
2                   11050               5802.3              28020               41040               3300                
2                   10800               3638.5              28320               137640              8820                
2                   10800               5164.7              27960               73560               4620                
2                   12600               8051                26940               53340               14040               
2                   11300               4049.7              28140               119880              3600                
3                   10350               6610.9              27720               5400                0                   
3                   10800               4615                3480                75180               600                 
3                   10800               2959.2              12900               159540              0                   
2                   10600               4005.5              28800               91860               9840                
2                   11700               6288.2              27600               72420               16380               
3                   10800               5221.5              3480                42120               5880                
2                   12150               7393                27540               63660               4380                
2                   10350               6100                28800               14280               0                   
3                   10800               3017.7              2220                144960              0                   
2                   11700               6221                27720               74700               8100                
2                   10800               6879.6              28140               9660                4140                
2                   10800               5088                28020               69780               1860                
