2                   11700               7891.8              18480               36600               0                   
2                   10800               4534                28800               106140              180                 
2                   10800               4611.6              28680               104640              300                 
2                   11700               8102                18300               31500               0                   
2                   11700               8277.4              19740               27900               120                 
3                   11700               7490.7              18480               47880               0                   
2                   11700               7515                17940               50340               0                   
2                   10800               4383.8              14040               117780              300                 
2                   10800               4584.5              13980               107820              480                 
3                   11550               3789.8              14340               140700              2460                
2                   11250               7448.5              28800               31620               0                   
2                   10800               3966.7              14760               130740              2640                
2                   12000               4131.1              28020               151140              120                 
2                   11700               7968.5              17760               37500               0                   
3                   11250               4197                13020               140340              1020                
2                   10800               4572.8              15480               102480              480                 
2                   10800               3956.2              15480               134160              1920                
2                   10800               4393                14760               107700              300                 
2                   10800               4331.6              13500               111240              480                 
2                   10800               4586.3              17400               98400               480                 
2                   11700               8242.5              28800               28020               0                   
2                   11700               7891.9              17160               38880               0                   
2                   10800               4199.4              13620               121680              600                 
2                   10800               4175.1              15780               124200              300                 
2                   10800               5511.8              16020               68340               120                 
2                   11500               2856.8              28740               203340              420                 
3                   10800               2325.8              11580               191880              0                   
3                   11050               2225.2              14580               197280              120                 
2                   10800               5467.1              15480               73140               0                   
2                   10800               5313.7              15480               78120               0                   
3                   11050               2208                11580               197760              1680                
2                   10800               5563                17040               70260               0                   
3                   11050               2119                11580               204000              120                 
3                   11050               2171                10320               203040              3000                
2                   11750               2771.5              28800               204060              540                 
2                   11500               2283.5              10140               225600              2100                
3                   11500               1912.9              11340               228300              3360                
2                   10800               4520.8              13980               110520              300                 
2                   11500               2499.2              11700               217440              240                 
2                   11500               2199.9              10500               232800              2340                
2                   11500               2374.8              12240               217440              60                  
3                   11050               2201.9              12840               202380              0                   
3                   10800               2521.1              12840               186900              0                   
3                   10800               2705.4              12840               173700              0                   
3                   10800               2900.2              13440               165660              0                   
3                   11500               2572.6              11340               176160              2520                
2                   11500               2116.4              11700               232740              180                 
2                   11250               3954.2              28620               142140              0                   
2                   10800               5334.1              13980               71700               660                 
2                   11950               3035.4              28440               200460              120                 
2                   11500               2082.3              12180               233160              120                 
2                   11500               2211                10920               228120              1560                
2                   10800               4257.3              12780               110880              1080                
2                   10800               4196.5              12660               113520              1860                
4                   11500               2112                7920                206160              360                 
2                   10800               4407.6              13560               103860              1440                
3                   11050               2766.4              13440               171120              240                 
3                   11050               2659.9              11400               175560              1320                
2                   11700               3069.8              28800               214320              0                   
2                   10800               4382.6              13440               104700              2640                
4                   10800               3981.4              16200               104820              1200                
3                   10800               2489.8              28140               178860              0                   
2                   10800               5141.8              14880               81360               360                 
4                   10800               4056.5              16680               99840               720                 
3                   11500               1914                8820                234000              3840                
4                   10800               3992.7              14940               101940              1380                
4                   10350               1993.9              8280                179340              0                   
3                   11750               1916                8820                231780              780                 
3                   11250               2005.3              8820                214020              1260                
4                   10800               3881.7              16200               108720              660                 
3                   11250               2015.6              8820                228300              120                 
2                   11500               2197.3              11700               228720              60                  
4                   11300               2206.7              7920                195840              660                 
2                   10800               6507.1              15960               23880               660                 
2                   10800               4446.8              12660               102600              600                 
2                   10800               5863.3              14700               51120               0                   
3                   11300               2040.3              28800               189060              3720                
4                   11300               2310                7860                191220              480                 
2                   10800               5003.8              15000               81840               300                 
2                   12150               3999.6              15000               174540              1620                
4                   11300               1737.6              7920                217920              3120                
2                   10800               6506.6              15900               22320               1320                
2                   10800               6558.5              15960               22020               660                 
2                   10800               6595.3              15960               22200               360                 
4                   10350               2167.7              8280                171060              0                   
2                   10800               4823.1              14100               85680               120                 
4                   10800               4049.8              14940               100920              1020                
3                   11250               2253                8040                202140              180                 
2                   14400               4279.6              23940               238380              0                   
2                   11250               2450                9660                216960              720                 
2                   10800               4746.7              16020               87840               0                   
4                   10600               1737.4              8280                198060              2880                
2                   10800               6505.7              15540               23820               1020                
2                   11500               2185.6              10500               227940              2700                
2                   10800               6487.1              15120               27180               960                 
2                   10800               6637.2              15900               20700               960                 
3                   10800               2389.7              28380               188760              0                   
2                   11500               1958.6              10020               242940              2820                
2                   10800               4720.3              13500               90780               660                 
2                   10800               6590.1              15480               21720               1140                
2                   11500               1918.2              10920               240900              4260                
3                   11250               2807.7              11040               171240              0                   
4                   11300               1643.3              9420                224640              780                 
4                   11100               1645.6              8280                201840              2340                
2                   10800               6450.6              14880               29460               1140                
4                   11550               1567.3              8460                227400              3300                
4                   11550               1562.5              9960                226560              0                   
4                   10600               1717.9              8520                199020              2820                
3                   12250               2015.2              7980                218460              0                   
4                   11300               2345.9              7860                188580              480                 
2                   10800               6178.3              15420               35100               1320                
4                   12250               1920.4              7440                226380              2400                
4                   10350               1817.5              8280                194580              0                   
4                   11100               1728.1              8280                197820              2340                
4                   11550               1642.4              9960                218580              0                   
2                   10800               6178.3              16260               36480               660                 
4                   10800               4062.3              16140               99480               1380                
2                   10800               6193.9              16320               34440               1020                
4                   10800               3844.8              14520               108360              720                 
2                   10800               5355                15420               63540               420                 
2                   10800               5056                16260               70620               1080                
4                   10800               2172.1              7920                199500              2340                
2                   10800               5609.4              16140               55140               300                 
4                   10800               3977.7              16680               99780               1380                
3                   11500               1792.7              28440               229200              1500                
4                   11100               1699.5              8280                200640              0                   
2                   11500               2019.6              10260               240540              2820                
2                   11500               2036.8              10020               238380              2820                
2                   11500               2000.3              10920               239700              1080                
4                   11100               1576.4              27720               207720              2580                
2                   11500               2018.2              10020               239040              3420                
4                   11800               1602.3              7680                227160              3540                
4                   12000               1533.9              9960                216780              3300                
4                   10350               2810.8              9960                138300              0                   
4                   10350               2304.7              8520                162180              0                   
4                   11550               1567.2              27780               210540              2340                
4                   11050               1566.8              9960                225840              4380                
4                   10350               2704.9              10140               140160              0                   
4                   10350               2836                10200               133860              0                   
4                   10350               1889.7              8280                188820              0                   
4                   12250               2042.7              7440                217260              2400                
2                   11500               2225.3              10020               228960              5100                
2                   11300               2624.1              28500               188700              1620                
2                   11700               3647.2              28080               157800              0                   
2                   10800               6596.6              15660               22980               660                 
2                   10800               6581.3              16500               20880               840                 
3                   12250               1662.5              9480                251580              2460                
3                   11500               1641.7              10920               251160              2460                
2                   10800               5245.4              13440               70380               1440                
4                   10350               2900.1              10080               132780              0                   
2                   10800               5071.8              14460               74460               1620                
2                   11250               3583.1              28620               150780              0                   
2                   11250               3273.7              28080               173460              0                   
4                   11300               1484.1              9960                233880              1680                
3                   11300               1837                27780               218820              900                 
4                   12000               1553                8280                233280              1680                
3                   12250               1635.1              10920               252840              120                 
2                   11750               1920.1              10980               240780              3420                
3                   11750               1829.9              28680               240900              480                 
3                   11500               1674.7              10920               252300              840                 
4                   12000               1900.8              7740                218460              2520                
4                   11550               1537.8              9060                228660              2700                
3                   11750               1831.6              8580                228720              900                 
4                   12250               1797.2              7440                235560              3360                
3                   11250               2222.7              8460                201480              180                 
2                   10800               6391.3              14640               33840               720                 
4                   12250               1485.6              7860                253740              2340                
2                   10800               6336                14760               37560               600                 
2                   11750               1923.3              10320               246420              1680                
4                   12250               1527                7860                252240              2340                
4                   10350               2969.4              11040               126780              0                   
2                   11500               1855.3              10980               248520              1020                
3                   13300               1708.3              10980               325140              60                  
3                   12850               1738                21120               310860              60                  
4                   12200               1470.6              8280                278820              60                  
4                   12200               1534.9              7920                264060              1800                
3                   11250               1921                10980               232020              60                  
3                   11800               1919.7              27780               211680              1080                
4                   11500               1489.7              9960                252900              960                 
2                   10800               5612.7              14280               58620               840                 
2                   11500               1830.9              10980               250560              1620                
3                   12650               1582.7              10980               299940              1320                
2                   10800               5352.6              13860               64920               780                 
4                   11750               1472.3              9960                246060              0                   
4                   11750               1500.6              8580                251340              720                 
4                   10350               3286.3              12300               115140              1320                
4                   11750               1457.6              8040                255240              720                 
2                   11750               1933.4              10980               245940              660                 
4                   10350               3234.4              11880               115740              1680                
2                   11750               1828.6              10980               250920              720                 
2                   10800               5466.6              13440               64380               600                 
2                   10800               5423.5              13440               66960               300                 
2                   10800               4796.1              13440               85560               1020                
2                   10800               5621.9              14160               60120               1560                
2                   10800               4850.6              12720               84360               1200                
2                   10800               4862.6              13320               82140               1200                
4                   10800               3910.5              16680               105000              840                 
2                   10800               4483.5              15000               99480               600                 
4                   11350               1662                8460                200280              900                 
2                   10800               6082.3              16260               40800               300                 
3                   11250               2085                8280                214560              180                 
2                   11250               2697.8              11580               205140              780                 
4                   11100               1737.6              8460                196680              0                   
4                   10600               3108.9              11640               120780              240                 
2                   11250               2446.3              9300                215820              1320                
3                   11250               2677.9              10260               176880              0                   
3                   10800               2956.9              24240               154440              0                   
2                   10800               5021.4              14340               76740               600                 
2                   11250               2450.7              9180                205980              3420                
2                   10800               5087.8              15660               74220               600                 
3                   10800               4098.7              28380               101340              4200                
3                   11250               4091.1              28380               105120              3480                
3                   11250               4091.1              27960               105540              4200                
4                   12000               1654                8280                231780              0                   
2                   11250               2560.8              9120                213480              720                 
4                   12000               1729.6              7740                227880              0                   
3                   12000               1918.9              7980                223140              2880                
3                   12450               1838.2              7980                249660              1380                
3                   12150               5007                13560               131580              0                   
4                   11750               1515.2              8040                243180              1380                
3                   11950               1738.2              9960                249480              1500                
3                   11500               1757.2              9960                236040              1500                
3                   10800               3317.1              28260               140880              0                   
4                   10350               2115.2              8460                170160              0                   
2                   10800               5666.6              14220               57480               600                 
3                   13150               1714.3              28200               281700              0                   
3                   12250               1728.5              28680               248460              60                  
2                   12700               2104.1              28440               249420              60                  
2                   11500               1911.1              10020               247800              3060                
2                   10800               6441.8              15120               29280               300                 
2                   10800               5320.6              16500               66420               300                 
3                   11250               2177.1              8280                208500              0                   
2                   11500               2324.6              10020               222840              2700                
4                   10350               3066.8              12840               121080              0                   
3                   12700               1828.3              7980                253020              5460                
4                   10800               3823.8              14160               110400              840                 
3                   11550               2025.2              10980               207360              180                 
2                   10800               6188.4              16200               30660               2700                
4                   11250               1786.6              7740                228180              0                   
3                   12000               2204.7              7980                207900              180                 
3                   10800               2281.6              10920               187740              180                 
4                   10350               2566.3              9960                147780              0                   
3                   10800               2814                27780               159840              0                   
2                   10800               5535.3              16500               61080               60                  
3                   11250               2456.5              10560               188520              660                 
2                   11250               2638.3              10140               207960              1560                
3                   11550               2019.5              14880               208140              180                 
3                   11550               1999.3              10920               210120              180                 
4                   10800               3754                14520               112740              720                 
3                   11250               2261.3              8700                196500              180                 
2                   10800               6176.5              15240               32520               2520                
2                   10800               5893.2              15840               43860               660                 
2                   11250               2437.5              9060                215820              2100                
3                   11250               2985.2              12060               161820              3120                
2                   11250               3099                28620               168540              6180                
4                   10800               4410.7              14940               92460               720                 
4                   10800               3986.8              25260               102900              720                 
4                   10800               3801.5              14520               110100              840                 
4                   12200               1537.4              7260                269580              5280                
4                   10800               4580.4              15360               88140               720                 
2                   11250               2393.5              9420                220560              1020                
2                   10800               5775.9              15780               48000               60                  
4                   12200               1596.3              7260                260640              3540                
2                   10800               4326.7              12660               105960              1440                
2                   10800               6178.5              16500               34560               480                 
3                   10350               3075.7              28680               123240              660                 
2                   10800               5734.3              15360               49440               60                  
4                   10350               2225.3              9780                163020              480                 
4                   12000               1639.2              7920                240300              900                 
2                   10800               5717.8              14160               55620               840                 
3                   11250               4018.1              28620               129540              180                 
2                   12450               2206                10980               264000              600                 
4                   10600               3236                11640               115620              1980                
2                   12450               1922                28440               269460              60                  
4                   10600               2684.2              9840                139560              3120                
2                   12200               1920.8              28200               270900              600                 
2                   12450               1996.7              10980               269160              600                 
3                   11050               3732.7              28740               113880              5520                
2                   11500               3604.2              27540               152760              6300                
3                   10800               3116                12000               144900              0                   
4                   12700               1432.3              9960                277260              2340                
2                   10800               5030.3              12840               76440               1380                
3                   12700               1659.3              8880                278400              5760                
4                   10600               2563.5              9540                146700              300                 
2                   10800               4292.8              13320               110220              1140                
2                   10800               5901.1              15840               42660               720                 
4                   12200               1682.3              7260                251040              1920                
2                   12450               1995.1              11460               268500              0                   
4                   12450               1413.4              8280                281880              2340                
2                   10800               6833                16260               13500               1920                
2                   12450               1899.6              12540               272220              600                 
4                   12700               1424.1              7080                276540              4080                
2                   12450               2012.8              28380               264420              600                 
2                   10800               6458.8              14880               28080               3000                
4                   12700               1406                7080                279720              3540                
4                   13350               1554.2              7920                303120              0                   
4                   12700               1422                7680                278220              3540                
2                   13050               3853.7              26820               193200              960                 
2                   10800               6561.9              14880               23880               2940                
2                   11250               3022.8              28620               200160              240                 
2                   12900               2009.4              8820                275580              3660                
2                   10800               6195.9              14820               41160               720                 
3                   11500               2698.7              9840                175800              1740                
3                   12450               1700.9              9480                272940              480                 
4                   10350               3128.5              10980               120900              1740                
3                   11250               2199.5              11280               206280              0                   
3                   11500               2081.5              8580                214800              0                   
2                   10800               4880.2              13020               86220               960                 
4                   11500               2015                7920                215100              0                   
4                   12700               1824.7              7140                249000              1260                
4                   10350               3377.4              12120               109800              2820                
3                   12700               1564                10980               278760              1560                
2                   10800               4575.9              12180               94260               2160                
3                   10800               3454.8              27720               130200              3480                
2                   10800               5347.6              14100               63240               2580                
4                   12700               1490.2              7680                276960              1080                
4                   10600               2837.2              9960                134160              3180                
4                   12450               1616.5              7620                257580              0                   
2                   10800               6760.2              15480               16440               3600                
3                   12450               1635.6              8880                279480              4680                
3                   12450               1574.3              9540                279840              2940                
3                   12200               1545.9              10980               278880              6300                
4                   12000               1427.9              7680                266280              5280                
4                   12450               1890                7140                246960              0                   
4                   11250               1637.5              9060                244140              0                   
4                   10350               3387.8              11400               109680              3540                
4                   12200               1399.9              9060                279300              3540                
3                   10800               1994.9              28560               215160              2460                
2                   10800               6138.3              16200               34200               1200                
2                   10800               5012.6              14100               81240               600                 
3                   10800               3243.6              27720               139920              1860                
4                   12900               1631                7680                252060              720                 
2                   10800               4358                12660               105120              2820                
4                   10600               2706.6              9060                141180              480                 
4                   11550               1556.2              8280                231900              4080                
3                   12700               1641                27600               273420              60                  
3                   11250               2373.2              8580                194640              0                   
4                   12700               1565.2              8280                256260              0                   
2                   10800               5009.4              13440               81600               1080                
2                   10800               4738.1              12180               88680               1560                
2                   10800               4758.2              12480               86940               840                 
2                   10800               2836.7              28800               177300              720                 
2                   10800               6721.6              15600               17280               2940                
2                   10800               4601                12600               92220               840                 
3                   10800               2613.4              28800               157980              3840                
4                   12700               1407.2              9060                277980              2580                
2                   10800               6952.9              16320               9840                1080                
2                   10800               6835.4              16320               15600               1080                
2                   10800               6932.2              16320               10980               420                 
2                   10800               6645.8              14820               24600               1440                
3                   12700               1502.3              10980               283620              1860                
2                   10800               5102                13380               74400               2220                
3                   11050               1779.3              28800               225780              1740                
2                   10800               6837                16260               14160               1140                
2                   10800               6042.9              14160               46380               720                 
3                   12250               1582.1              28680               260460              600                 
2                   10800               6840.7              16260               12900               2700                
2                   10800               6088.3              15480               47880               420                 
2                   13950               3807.6              26460               227880              0                   
2                   12150               2356.4              28740               271140              0                   
2                   10800               5039.7              13740               74700               1920                
2                   10800               5168.9              13380               74160               1320                
2                   10800               4889.6              12900               82200               1200                
4                   12000               2006.8              7440                221820              0                   
2                   10800               5068.9              13380               77520               1200                
4                   12200               1363.3              7620                283800              5580                
4                   10600               2732.9              9060                140040              480                 
3                   12700               1573.8              24900               270720              900                 
2                   10800               5900.3              14040               51780               1440                
2                   12200               1809.4              10500               277260              5520                
4                   11100               1829.2              28020               188580              0                   
3                   10800               2615.4              28020               170820              0                   
4                   12250               1427                8640                258780              4380                
4                   12000               1992.7              7380                212160              2640                
2                   10800               7111.8              16680               6420                1440                
4                   10350               2425.2              9120                155340              0                   
2                   10800               7014.3              16260               9480                1440                
4                   12700               1333.6              9420                271200              4320                
4                   12700               1360.1              8880                275880              5580                
3                   13150               1547.8              8580                290520              4620                
4                   12450               1717                7320                252240              240                 
2                   10800               6694                15480               17940               2220                
2                   10800               6993.4              16260               10560               780                 
3                   12450               1563.4              10500               278040              4320                
3                   11250               1754.7              10500               246420              0                   
4                   10600               3111.5              9900                125880              1500                
2                   10800               7111.6              16680               6120                1860                
4                   12250               1343.9              12060               269460              5040                
2                   10800               5355.3              13440               66360               1620                
4                   12700               1342.5              7740                283740              2580                
4                   12450               1503.9              7380                272760              1260                
2                   10800               7097.8              16680               6540                1380                
3                   12450               1617.8              10500               274500              1260                
3                   12150               1640                10500               290580              1260                
4                   12450               1577.8              7080                264840              1260                
2                   12450               1780.4              10500               277560              3420                
4                   10350               3130                10500               120600              2460                
2                   12150               2531                28560               251940              0                   
2                   12900               1878.4              9600                282360              4860                
4                   12450               2106.2              7140                234120              2100                
3                   12700               1504.8              9540                284880              5040                
3                   11250               1999.4              10500               228480              0                   
3                   12200               1486.9              10500               284820              2400                
4                   10350               3293                11040               113280              1320                
4                   10350               3279.3              11040               113280              2040                
2                   10800               5529.7              13980               57240               1800                
2                   12450               1913.5              10500               272640              720                 
