11                  190                 200                 
10                  201                 188                 
6                   250                 199                 
24                  85                  121                 
14                  190                 154                 
17                  157                 143                 
10                  198                 200                 
23                  119                 120                 
5                   251                 205                 
17                  180                 135                 
15                  191                 145                 
9                   194                 273                 
4                   276                 215                 
6                   228                 208                 
29                  82                  94                  
18                  124                 149                 
18                  135                 145                 
11                  215                 168                 
23                  99                  146                 
14                  161                 161                 
30                  88                  87                  
7                   237                 190                 
5                   242                 217                 
24                  100                 119                 
22                  129                 123                 
15                  174                 148                 
31                  87                  78                  
12                  191                 178                 
11                  195                 189                 
30                  92                  79                  
2                   293                 274                 
17                  179                 138                 
15                  170                 154                 
23                  130                 100                 
18                  155                 134                 
15                  147                 198                 
23                  126                 103                 
18                  180                 132                 
24                  119                 90                  
25                  110                 98                  
35                  63                  78                  
4                   278                 214                 
7                   227                 194                 
17                  135                 200                 
3                   259                 269                 
17                  132                 208                 
12                  186                 182                 
26                  111                 87                  
20                  130                 122                 
9                   217                 191                 
17                  148                 149                 
4                   253                 260                 
14                  194                 149                 
16                  190                 140                 
18                  166                 133                 
25                  113                 94                  
10                  215                 186                 
8                   214                 210                 
28                  111                 83                  
28                  85                  88                  
8                   226                 208                 
9                   199                 220                 
9                   207                 192                 
13                  169                 161                 
25                  118                 88                  
21                  143                 110                 
16                  149                 182                 
3                   261                 268                 
3                   258                 270                 
33                  93                  70                  
12                  168                 224                 
11                  177                 215                 
12                  173                 212                 
7                   219                 211                 
25                  85                  99                  
16                  170                 144                 
9                   242                 187                 
4                   252                 275                 
2                   283                 281                 
33                  66                  88                  
34                  75                  86                  
27                  86                  90                  
21                  127                 125                 
26                  86                  92                  
24                  111                 105                 
2                   291                 280                 
2                   325                 260                 
11                  213                 171                 
12                  215                 166                 
26                  76                  99                  
25                  83                  122                 
8                   240                 189                 
9                   238                 189                 
19                  118                 130                 
12                  179                 206                 
11                  174                 220                 
36                  77                  75                  
8                   205                 222                 
9                   198                 222                 
8                   206                 221                 
9                   201                 212                 
4                   249                 277                 
34                  77                  78                  
21                  132                 117                 
37                  73                  69                  
11                  178                 211                 
10                  190                 217                 
27                  116                 79                  
14                  180                 160                 
23                  108                 142                 
21                  115                 189                 
20                  116                 200                 
22                  130                 110                 
