24                  115                 105                 
38                  72                  68                  
29                  90                  81                  
24                  123                 99                  
20                  145                 122                 
26                  111                 87                  
8                   211                 205                 
10                  208                 190                 
8                   210                 207                 
8                   227                 202                 
35                  70                  76                  
15                  169                 188                 
37                  71                  73                  
23                  122                 106                 
30                  78                  94                  
37                  76                  72                  
7                   241                 194                 
33                  64                  79                  
12                  209                 185                 
17                  179                 141                 
32                  73                  97                  
29                  86                  89                  
16                  152                 173                 
28                  111                 79                  
27                  97                  100                 
21                  145                 118                 
14                  172                 173                 
30                  86                  88                  
13                  175                 203                 
9                   210                 201                 
9                   216                 194                 
17                  191                 137                 
5                   235                 210                 
18                  157                 130                 
15                  174                 143                 
10                  212                 189                 
11                  206                 190                 
11                  209                 189                 
10                  230                 178                 
12                  210                 176                 
11                  187                 200                 
11                  233                 175                 
10                  198                 200                 
12                  202                 188                 
9                   242                 189                 
8                   245                 188                 
13                  197                 173                 
4                   279                 216                 
16                  159                 154                 
9                   229                 192                 
17                  156                 167                 
23                  127                 99                  
17                  149                 170                 
18                  141                 167                 
22                  126                 106                 
6                   229                 201                 
6                   233                 200                 
21                  148                 111                 
25                  107                 96                  
2                   295                 274                 
6                   249                 198                 
31                  86                  79                  
16                  191                 141                 
28                  86                  100                 
27                  87                  105                 
28                  87                  94                  
24                  102                 145                 
24                  106                 134                 
25                  103                 132                 
16                  160                 143                 
17                  158                 143                 
14                  178                 151                 
19                  145                 133                 
34                  71                  77                  
17                  145                 173                 
3                   311                 264                 
15                  167                 214                 
18                  150                 157                 
34                  93                  62                  
33                  99                  72                  
32                  104                 75                  
35                  77                  68                  
36                  83                  64                  
25                  111                 88                  
15                  170                 150                 
27                  116                 79                  
17                  152                 168                 
26                  103                 93                  
18                  151                 143                 
19                  148                 123                 
19                  150                 122                 
5                   247                 201                 
2                   288                 299                 
5                   236                 202                 
4                   274                 227                 
32                  94                  77                  
13                  186                 192                 
2                   291                 287                 
3                   291                 285                 
38                  74                  56                  
23                  119                 108                 
20                  128                 132                 
19                  131                 136                 
21                  107                 121                 
24                  103                 139                 
2                   293                 278                 
