0 12 10
1 17 17
2 54 53
3 68 67
4 68 67
5 63 63
6 64 63
7 77 76
8 87 86
9 88 87
10 90 90
11 95 95
12 96 96
13 98 98
14 98 98
15 99 99
16 99 99
17 95 95
18 95 95
19 95 95
20 98 98
21 98 98
22 98 98
23 99 99
24 99 99
25 100 100
26 100 100
27 101 101
28 101 101
29 102 102
30 102 102
31 105 105
32 105 105
33 108 108
34 113 113
35 113 113
36 113 113
37 115 115
38 116 116
39 116 116
40 118 118
41 119 119
42 119 119
43 119 119
44 119 119
45 119 119
46 120 120
47 120 120
48 120 120
49 119 119
50 120 119
51 120 119
52 122 121
53 122 121
54 122 121
55 118 117
56 119 118
57 119 118
58 117 116
59 118 117
60 121 119
61 122 120
62 122 120
63 122 120
64 123 121
65 123 121
66 123 121
67 124 122
68 124 122
69 125 123
70 125 123
71 126 124
72 126 124
73 126 124
74 128 126
75 128 126
76 128 126
77 128 126
78 128 126
79 128 126
80 129 127
81 129 127
82 129 127
83 130 128
84 129 127
85 129 127
86 129 127
87 129 127
88 129 127
89 129 127
90 130 128
91 130 128
92 130 128
93 130 128
94 130 128
95 130 128
96 130 128
97 130 128
98 130 128
99 130 128
100 130 128
101 131 129
102 131 129
103 131 129
104 132 130
105 132 130
106 135 133
107 135 133
108 135 133
109 135 133
110 135 133
111 135 133
112 135 133
113 135 133
114 135 133
115 136 134
116 136 134
117 141 139
118 141 139
119 143 141
120 143 141
121 143 141
122 145 143
123 145 143
124 146 144
125 146 144
126 145 143
127 145 143
128 145 143
129 146 144
130 146 144
131 146 144
132 146 144
133 147 145
134 147 145
135 147 145
136 147 145
137 146 144
138 146 144
139 148 146
140 148 146
141 149 147
142 151 149
143 151 149
144 151 149
145 153 151
146 153 151
147 153 151
148 153 151
149 154 152
150 153 151
151 154 152
152 155 153
153 155 153
154 155 153
155 155 153
156 157 155
157 157 155
158 157 155
159 157 155
160 157 155
161 157 155
162 158 156
163 158 156
164 158 156
165 158 156
166 159 157
167 159 157
168 158 156
169 158 156
170 159 157
171 159 157
172 159 157
173 160 158
174 160 158
175 160 158
176 160 158
177 160 158
178 160 158
179 160 158
180 160 158
181 160 158
182 160 158
183 159 157
184 159 157
185 159 157
186 159 157
187 159 157
188 159 157
189 159 157
190 159 157
191 159 157
192 160 158
193 160 158
194 160 158
195 160 158
196 160 158
197 160 158
198 160 158
199 160 158
200 160 158
201 160 158
202 160 158
203 160 158
204 161 159
205 161 159
206 161 159
207 161 159
208 161 159
209 161 159
210 161 159
211 161 159
212 161 159
213 161 159
214 161 159
215 159 157
216 159 157
217 159 157
218 159 157
219 159 157
220 159 157
221 159 157
222 159 157
223 160 158
224 160 158
225 160 158
226 160 158
227 161 159
228 164 162
229 164 162
230 164 162
231 164 162
232 166 164
233 166 164
234 167 165
235 167 165
236 167 165
237 167 165
238 167 165
239 167 165
240 167 165
241 167 165
242 167 165
243 167 165
244 167 165
245 167 165
246 167 165
247 167 165
248 171 169
249 171 169
250 171 169
251 171 169
252 171 169
253 171 169
254 171 169
255 172 170
256 172 170
257 172 170
258 172 170
259 172 170
260 172 170
261 172 170
262 172 170
263 172 170
264 172 170
265 172 170
266 172 170
267 172 170
268 172 170
269 172 170
270 172 170
271 172 170
272 172 170
273 173 171
274 173 171
275 172 170
276 172 170
277 172 170
278 172 170
279 172 170
280 173 171
281 173 171
282 167 165
283 167 165
284 167 165
285 167 165
286 167 165
287 167 165
288 167 165
289 167 165
290 167 165
291 167 165
292 167 165
293 167 165
294 167 165
295 167 165
296 167 165
297 167 165
298 167 165
299 167 165
